0 1393
1 1399
2 1475
3 3181
4 3182
5 1400
6 1476
7 3185
8 3186
9 3187
10 1543
11 1548
12 2276
13 2275
14 3189
15 1546
16 2270
17 2272
18 1545
19 2274
20 2271
21 2273
22 3183
23 3184
24 3190
25 3191
26 1547
27 3188
28 1544
29 2651
30 1461
31 2653
32 2654
33 1092
34 2670
35 1152
36 2198
37 2671
38 2672
39 2168
40 2676
41 1151
42 1462
43 2685
44 2686
45 2687
46 2688
47 2689
48 2696
49 2199
50 2701
51 2702
52 2703
53 2704
54 2706
55 2707
56 2708
57 2709
58 1093
59 1094
60 2162
61 2712
62 2164
63 2713
64 2714
65 1342
66 1443
67 3465
68 3466
69 2297
70 2319
71 2286
72 2331
73 2332
74 1154
75 20
76 21
77 3464
78 1572
79 1573
80 2295
81 1564
82 2287
83 1566
84 2293
85 2337
86 2338
87 42
88 2294
89 3460
90 3458
91 1571
92 1155
93 3471
94 2289
95 2301
96 2291
97 2326
98 1569
99 2298
100 1567
101 1568
102 2285
103 1340
104 1384
105 3459
106 2307
107 1339
108 2304
109 43
110 2302
111 1570
112 1563
113 2284
114 2288
115 1156
116 1341
117 1565
118 17
119 18
120 1338
121 2333
122 2334
123 2335
124 2336
125 3468
126 2300
127 2303
128 2290
129 2299
130 2305
131 2296
132 2292
133 2306
134 3473
135 1442
136 1448
137 2352
138 3080
139 3081
140 1444
141 2780
142 1894
143 1892
144 2423
145 2424
146 2425
147 2422
148 1642
149 1643
150 1455
151 1456
152 2426
153 2427
154 1685
155 2444
156 2442
157 2443
158 2445
159 1450
160 1159
161 1160
162 1161
163 1162
164 1328
165 1329
166 1330
167 3025
168 3026
169 3027
170 3028
171 3029
172 3023
173 1885
174 1023
175 1024
176 1295
177 1473
178 1698
179 1699
180 1700
181 1701
182 1702
183 1703
184 1704
185 1705
186 1025
187 1026
188 1718
189 1871
190 2624
191 2625
192 1884
193 1870
194 2947
195 1717
196 2948
197 2949
198 3383
199 3384
200 3380
201 1632
202 1428
203 3369
204 3370
205 3371
207 3376
208 3381
209 3382
210 3377
211 3378
212 1631
213 3379
214 3367
215 3368
216 3372
217 1633
218 3353
219 3354
220 3355
221 3356
222 3350
223 3351
224 3352
225 3359
226 3360
227 3361
228 3362
229 3357
230 3358
231 3363
232 3364
233 3365
234 1427
235 3366
236 3373
237 3374
238 2050
239 2051
240 2052
241 2053
242 1403
243 1404
244 1726
246 1150
247 1246
249 1434
250 1980
251 1149
252 1436
253 1860
254 2082
255 1148
256 3205
257 3204
258 1862
259 2072
260 1399
261 1475
262 3181
263 3182
264 1400
265 1476
266 3185
267 3186
268 3187
269 1543
270 1548
271 2276
272 2275
273 3189
274 1546
275 2270
276 2272
277 1545
278 2274
279 2271
280 2273
281 3183
282 3184
283 3190
284 3191
285 1547
286 3188
287 1544
288 2651
289 1461
290 2653
291 2654
292 1092
293 2670
294 1152
295 2198
296 2671
297 2672
298 2168
299 2676
300 1151
301 1462
302 2685
303 2686
304 2687
305 2688
306 2689
307 2199
308 2701
309 2702
310 2703
311 2704
312 2706
313 2707
314 2708
315 2709
316 1094
317 2162
318 2712
319 2164
320 2713
321 2714
322 1342
323 1443
324 3465
325 3466
326 2297
327 2319
328 2286
329 2331
330 2332
331 1154
332 20
333 21
334 3464
335 1572
336 1573
337 2295
338 1564
339 2287
340 1566
341 2293
342 2337
343 2338
344 42
345 2294
346 3460
347 3458
348 1571
349 1155
350 3471
351 2289
352 2301
353 2291
354 2326
355 1569
356 2298
357 1567
358 1568
359 2285
360 1340
361 1384
362 3459
363 2307
364 1339
365 2304
366 43
367 2302
368 1570
369 1563
370 2284
371 2288
372 1156
373 1341
374 1565
375 17
376 18
377 1338
378 2333
379 2334
380 2335
381 2336
382 3468
383 2300
384 2303
385 2290
386 2299
387 2305
388 2296
389 2292
390 2306
391 3473
392 1442
393 1448
394 2352
395 3080
396 3081
397 1444
398 2780
399 1894
400 1892
401 2423
402 2424
403 2425
404 2422
405 1642
406 1643
407 1455
408 1456
409 2426
410 2427
411 1685
412 2442
413 2443
414 2444
415 2445
416 1450
417 1159
418 1160
419 1161
420 1162
421 1328
422 1329
423 1330
424 3025
425 3026
426 3027
427 3028
428 3029
429 3023
430 1023
431 1024
432 1295
433 1473
434 1698
435 1699
436 1700
437 1701
438 1702
439 1703
440 1704
441 1705
442 1025
443 1026
444 1884
445 1887
446 1718
447 1871
448 2624
449 2625
450 1870
451 2947
452 1717
453 2948
454 1719
455 2949
456 3305
457 3383
458 3384
459 3380
460 1632
461 1428
462 3369
463 3370
464 3371
465 3372
466 3373
467 3374
469 3376
470 3381
471 3382
472 3377
473 3378
474 1631
475 3379
476 3367
477 3368
478 1633
479 3353
480 3354
481 3355
482 3356
483 3350
484 3351
485 3352
486 3359
487 3360
488 3361
489 3362
490 3357
491 3358
492 3363
493 3364
494 3365
495 1427
496 3366
497 2050
498 2051
499 2052
500 2053
501 1403
502 1404
503 1726
504 1393
505 1150
506 1865
507 1434
508 1980
509 1149
510 1399
511 1475
512 3181
513 3182
514 1400
515 1476
516 3185
517 3186
518 3187
519 1543
520 1548
521 2276
522 2275
523 3189
524 1546
525 2270
526 2272
527 1545
528 2274
529 2271
530 2273
531 3183
532 3184
533 3190
534 3191
535 1547
536 3188
537 1544
538 2651
539 1461
540 2653
541 2654
542 1092
543 2670
544 1152
545 2198
546 2671
547 2672
548 2168
549 2676
550 1151
551 1462
552 2685
553 2686
554 2687
555 2688
556 2689
557 2696
558 2199
559 2701
560 2702
561 2703
562 2704
563 2706
564 2707
565 2708
566 2709
567 1093
568 1094
569 2162
570 2712
571 2164
572 2713
573 2714
574 1342
575 1443
576 3465
577 3466
578 2297
579 2319
580 2286
581 2331
582 2332
583 1154
584 20
585 21
586 3464
587 1572
588 1573
589 2295
590 1564
591 2287
592 1566
593 2293
594 2337
595 2338
596 42
597 2294
598 3460
599 3458
600 1571
601 1155
602 3471
603 2289
604 2301
605 2291
606 2326
607 1569
608 2298
609 1567
610 1568
611 2285
612 1340
613 1384
614 3459
615 2307
616 1339
617 2304
618 43
619 2302
620 1570
621 1563
622 2284
623 2288
624 1156
625 1341
626 1565
627 17
628 18
629 1338
630 2333
631 2334
632 2335
633 2336
634 3468
635 2300
636 2303
637 2290
638 2299
639 2305
640 2296
641 2292
642 2306
643 3473
644 1442
645 1448
646 2352
647 3080
648 3081
649 1444
650 2780
651 1894
652 1892
653 2423
654 2424
655 2425
656 2422
657 1642
658 1643
659 1455
660 1456
661 2426
662 2427
663 1685
664 2444
665 2442
666 2443
667 2445
668 1450
669 1159
670 1160
671 1161
672 1162
673 1328
674 1329
675 1330
676 3025
677 3026
678 3027
679 3028
680 3029
681 3023
682 1885
683 1023
684 1024
685 1295
686 1473
687 1698
688 1699
689 1700
690 1701
691 1702
692 1703
693 1704
694 1705
695 1025
696 1026
697 1887
698 1718
699 1871
700 2624
701 2625
702 1884
703 1870
704 2947
705 1717
706 2948
707 2949
708 3305
709 2869
710 2838
711 2868
712 1424
713 1457
714 1627
715 1628
716 2861
717 2862
718 2864
719 2874
720 1458
721 1624
722 2863
723 2873
724 2865
725 2866
726 1925
727 2877
728 1926
729 2878
730 2867
731 2852
732 2857
733 2879
734 1625
735 1626
736 2858
737 2859
738 2860
739 2880
740 1927
741 2853
742 2854
743 2856
744 2870
745 2871
746 2872
747 2855
748 2876
749 3383
750 3384
751 3380
752 1632
753 1428
754 3369
755 3370
756 3371
758 3376
759 3381
760 3382
761 3377
762 3378
763 1631
764 3379
765 3367
766 3368
767 3372
768 1633
769 3353
770 3354
771 3355
772 3356
773 3350
774 3351
775 3352
776 3359
777 3360
778 3361
779 3362
780 3357
781 3358
782 3363
783 3364
784 3365
785 1427
786 3366
787 3373
788 3374
789 2050
790 2051
791 2052
792 2053
793 1403
794 1404
795 1726
796 1393
797 2459
798 2460
799 2461
800 2462
801 2463
802 2464
803 2465
804 2466
805 1150
806 1246
807 1860
808 1861
809 1862
810 1865
811 1148
812 1435
813 1149
814 1438
815 2082
816 1399
817 1475
818 1400
819 1476
820 1543
821 1548
822 2276
823 2275
824 1546
825 2270
826 2272
827 1545
828 2274
829 2271
830 2273
831 1547
832 1544
833 2651
834 1461
835 2653
836 2654
837 1092
838 2670
839 1152
840 2198
841 2671
842 2672
843 2168
844 2676
845 1151
846 1462
847 2685
848 2686
849 2687
850 2688
851 2689
852 2696
853 2199
854 2701
855 2702
856 2703
857 2704
858 2706
859 2707
860 2708
861 2709
862 1093
863 1094
864 2162
865 2712
866 2164
867 2713
868 2714
869 1342
870 1443
871 2297
872 2319
873 2286
874 2331
875 2332
876 1154
877 20
878 21
879 1572
880 1573
881 2295
882 1564
883 2287
884 1566
885 2293
886 2337
887 2338
888 42
889 2294
890 1571
891 1155
892 2289
893 2301
894 2291
895 2326
896 1569
897 2298
898 1567
899 1568
900 2285
901 1340
902 1384
903 2307
904 1339
905 2304
906 43
907 2302
908 1570
909 1563
910 2284
911 2288
912 1156
913 1341
914 1565
915 17
916 18
917 1338
918 2333
919 2334
920 2335
921 2336
922 2300
923 2303
924 2290
925 2299
926 2305
927 2296
928 2292
929 2306
930 1442
931 1448
932 2352
933 1444
934 2780
935 1894
936 1892
937 2423
938 2424
939 2425
940 2422
941 1642
942 1643
943 1455
944 1456
945 2426
946 2427
947 1685
948 2444
949 2442
950 2443
951 2445
952 1450
953 1159
954 1885
955 1023
956 1024
957 1295
958 1473
959 1698
960 1699
961 1700
962 1701
963 1702
964 1703
965 1704
966 1705
967 1025
968 1026
969 1887
970 1718
971 1719
972 1871
973 2624
974 1884
975 2625
976 1870
977 2948
978 2947
979 2869
980 2875
981 2868
982 1424
983 1457
984 1627
985 1628
986 2861
987 2862
988 2864
989 2874
990 1458
991 1624
992 2863
993 2873
994 1925
995 2877
996 1926
997 2878
998 2867
999 2852
1000 2879
1001 1625
1002 1626
1003 2858
1004 2859
1005 2860
1006 2880
1007 1927
1008 2853
1009 2854
1010 2856
1011 2870
1012 2872
1013 2855
1014 2876
1015 1632
1016 1428
1017 1631
1018 1633
1019 1427
1020 2050
1021 2051
1022 2052
1023 2053
1024 1403
1025 1404
1026 1726
1027 2459
1028 2460
1029 2461
1030 2462
1031 2463
1032 2464
1033 2465
1034 2466
1035 1860
1036 1861
1037 1862
1038 1865
1039 1148
1040 1434
1041 1438
1042 1399
1043 1475
1044 1400
1045 1476
1046 1543
1047 1548
1048 2276
1049 2275
1050 1546
1051 2270
1052 2272
1053 1545
1054 2274
1055 2271
1056 2273
1057 1547
1058 1544
1059 2651
1060 1461
1061 2653
1062 2654
1063 1092
1064 2670
1065 1152
1066 2198
1067 2671
1068 2672
1069 2168
1070 2676
1071 1151
1072 1462
1073 2685
1074 2686
1075 2687
1076 2688
1077 2689
1078 2696
1079 2199
1080 2701
1081 2702
1082 2703
1083 2704
1084 2706
1085 2707
1086 2708
1087 2709
1088 1093
1089 1094
1090 2162
1091 2712
1092 2164
1093 2713
1094 2714
1095 17
1096 18
1097 20
1098 21
1099 42
1100 43
1101 1154
1102 1155
1103 1156
1104 1207
1105 1208
1106 1338
1107 1339
1108 1340
1109 1341
1110 1342
1111 1384
1112 1442
1113 1443
1114 1563
1115 1564
1116 1565
1117 1566
1118 1567
1119 1568
1120 1569
1121 1570
1122 1571
1123 1572
1124 1573
1125 2284
1126 2285
1127 2286
1128 2287
1129 2288
1130 2289
1131 2290
1132 2291
1133 2292
1134 2293
1135 2294
1136 2295
1137 2296
1138 2297
1139 2298
1140 2299
1141 2300
1142 2301
1143 2302
1144 1448
1145 2352
1146 1444
1147 1456
1148 1642
1149 1643
1150 2422
1151 2423
1152 2424
1153 2425
1154 2426
1155 2427
1156 2442
1157 2443
1158 2444
1159 2445
1160 1159
1161 1160
1162 1161
1163 1162
1164 1328
1165 1329
1166 1330
1167 1450
1168 3026
1169 3027
1170 3028
1171 3029
1172 1025
1173 1026
1174 1885
1175 1887
1176 1023
1177 1024
1178 1295
1179 1473
1180 1718
1181 1719
1182 1703
1183 1884
1184 1698
1185 1699
1186 1700
1187 1701
1188 1702
1189 1704
1190 1705
1191 1717
1192 2624
1193 2625
1194 1871
1195 1424
1196 1457
1197 1458
1198 1624
1199 1625
1200 1626
1201 1627
1202 1628
1203 1427
1204 1428
1205 1631
1206 1632
1207 1633
1208 2050
1209 2051
1210 2052
1211 2053
1212 1403
1213 1404
1214 1726
1215 1150
1216 1246
1217 2459
1218 2460
1219 2461
1220 2462
1221 2463
1222 2464
1223 2465
1224 2466
1225 1393
1226 1860
1227 1861
1228 1862
1229 1865
1230 1148
1231 1434
1232 1436
1233 1438
1234 2072
1235 2082
1236 1399
1237 1400
1238 1475
1239 1476
1240 1543
1241 1544
1242 1545
1243 1546
1244 1547
1245 1548
1246 2270
1247 2271
1248 2272
1249 2273
1250 2274
1251 2275
1252 2276
1253 1092
1254 1093
1255 1094
1256 1461
1257 1462
1258 2162
1259 2164
1260 2168
1261 2198
1262 2199
1263 1151
1264 1152
1265 17
1266 18
1267 20
1268 21
1269 42
1270 43
1271 1154
1272 1155
1273 1156
1274 1338
1275 1339
1276 1340
1277 1341
1278 1342
1279 1384
1280 1442
1281 1443
1282 1563
1283 1564
1284 1565
1285 1566
1286 1567
1287 1568
1288 1569
1289 1570
1290 1571
1291 1572
1292 1573
1293 2284
1294 2285
1295 2286
1296 2287
1297 2288
1298 2289
1299 2290
1300 2291
1301 2292
1302 2293
1303 2294
1304 2295
1305 2296
1306 2297
1307 2298
1308 2299
1309 2300
1310 2301
1311 2302
1312 2303
1313 2304
1314 2305
1315 2306
1316 2307
1317 2319
1318 2326
1319 2331
1320 2332
1321 2333
1322 2334
1323 2335
1324 2336
1325 2337
1326 2338
1327 1448
1328 1455
1329 1456
1330 1642
1331 1643
1332 2422
1333 2423
1334 2424
1335 2425
1336 2426
1337 2427
1338 2442
1339 2443
1340 2444
1341 2445
1342 1685
1343 1159
1344 1160
1345 1161
1346 1162
1347 1328
1348 1329
1349 1330
1350 1450
1351 1444
1352 1892
1353 1894
1354 2352
1355 1023
1356 1024
1357 1025
1358 1026
1359 1295
1360 1473
1361 1698
1362 1699
1363 1700
1364 1701
1365 1702
1366 1703
1367 1704
1368 1705
1369 1884
1370 1885
1371 1887
1372 1870
1373 1717
1374 1424
1375 1457
1376 1458
1377 1624
1378 1625
1379 1626
1380 1627
1381 1628
1382 1925
1383 1926
1384 1427
1385 1428
1386 2050
1387 2051
1388 2052
1389 2053
1390 1403
1391 1404
1392 1726
1393 1631
1394 1633
1395 1632
1396 1393
1397 1150
1398 1246
1399 1860
1400 1861
1401 1862
1402 1865
1403 1148
1404 1149
1405 1435
1406 1434
1407 1438
1408 1436
1409 2072
1410 2082
1411 1399
1412 1475
1413 1476
1414 1400
1415 1543
1416 1544
1417 1545
1418 2270
1419 1546
1420 1547
1421 1548
1422 2271
1423 2272
1424 2274
1425 2275
1426 2276
1427 1093
1428 1094
1429 2162
1430 1461
1431 1092
1432 1462
1433 1151
1434 1152
1435 2198
1436 2164
1437 2168
1438 2199
1439 17
1440 18
1441 1338
1442 2335
1443 2334
1444 2333
1445 2336
1446 20
1447 21
1448 42
1449 43
1450 1154
1451 1155
1452 1156
1453 1341
1454 1565
1455 1339
1456 1340
1457 1384
1458 1342
1459 1443
1460 1442
1461 1563
1462 1564
1463 1566
1464 1567
1465 1568
1466 1569
1467 1570
1468 1571
1469 1572
1470 1573
1471 2284
1472 2285
1473 2286
1474 2287
1475 2288
1476 2289
1477 2290
1478 2291
1479 2292
1480 2293
1481 2294
1482 2295
1483 2296
1484 2297
1485 2298
1486 2299
1487 2300
1488 2301
1489 2302
1490 2303
1491 2304
1492 2305
1493 2306
1494 2307
1495 2326
1496 2331
1497 2337
1498 2338
1499 1448
1500 1455
1501 1456
1502 1642
1503 1643
1504 1685
1505 1159
1506 1160
1507 1161
1508 1162
1509 1328
1510 1329
1511 1330
1512 1450
1513 1444
1514 1894
1515 1892
1516 2352
1517 1871
1518 1884
1519 1870
1520 1023
1521 1024
1522 1025
1523 1026
1524 1295
1525 1473
1526 1698
1527 1699
1528 1700
1529 1701
1530 1702
1531 1703
1532 1704
1533 1705
1534 1885
1535 1887
1536 1717
1537 1424
1538 1457
1539 1627
1540 1628
1541 1458
1542 1624
1543 1925
1544 1926
1545 1625
1546 1626
1547 1428
1548 2050
1549 2051
1550 2052
1551 2053
1552 1403
1553 1404
1554 1726
1555 1393
1556 1150
1557 1246
1558 1860
1559 1861
1560 1862
1561 1865
1562 1148
1563 1149
1564 1435
1565 1434
1566 1438
1567 1399
1568 1475
1569 1476
1570 1400
1571 1543
1572 1544
1573 1545
1574 1546
1575 1547
1576 1548
1577 1093
1578 1094
1579 1461
1580 1092
1581 1462
1582 1151
1583 1152
1584 17
1585 18
1586 1338
1587 20
1588 21
1589 42
1590 43
1591 1154
1592 1155
1593 1156
1594 1341
1595 1565
1596 1339
1597 1340
1598 1384
1599 1342
1600 1443
1601 1442
1602 1563
1603 1564
1604 1566
1605 1567
1606 1568
1607 1569
1608 1570
1609 1571
1610 1572
1611 1573
1612 1448
1613 1455
1614 1456
1615 1642
1616 1643
1617 1685
1618 1159
1619 1160
1620 1161
1621 1162
1622 1328
1623 1329
1624 1330
1625 1450
1626 1444
1627 1894
1628 1892
1629 1871
1630 1884
1631 1870
1632 1023
1633 1024
1634 1025
1635 1026
1636 1295
1637 1473
1638 1698
1639 1699
1640 1700
1641 1701
1642 1702
1643 1703
1644 1704
1645 1705
1646 1885
1647 1887
1648 2047
1649 2048
1650 2049
1651 1717
1652 2050
1653 2051
1654 2052
1655 2053
1656 1424
1657 1457
1658 1458
1659 1624
1660 1625
1661 1626
1662 1627
1663 1628
1664 1925
1665 1926
1666 1427
1667 1428
1668 1631
1669 1632
1670 1633
1671 1403
1672 1404
1673 1726
1674 1927
1675 1393
1676 1150
1677 1246
1678 1860
1679 1861
1680 1862
1681 1865
1682 1148
1683 1149
1684 1435
1685 1434
1686 1436
1687 1438
1688 1399
1689 1475
1690 1476
1691 1400
1692 1543
1693 1544
1694 1545
1695 1546
1696 1547
1697 1548
1698 1093
1699 1094
1700 1461
1701 1092
1702 1462
1703 1151
1704 1152
1705 17
1706 18
1707 1338
1708 20
1709 21
1710 42
1711 43
1712 1154
1713 1155
1714 1156
1715 1341
1716 1565
1717 1339
1718 1340
1719 1384
1720 1342
1721 1443
1722 1442
1723 1563
1724 1564
1725 1566
1726 1567
1727 1568
1728 1569
1729 1570
1730 1571
1731 1572
1732 1573
1733 1448
1734 1642
1735 1643
1736 1685
1737 1159
1738 1160
1739 1161
1740 1162
1741 1328
1742 1329
1743 1330
1744 1450
1745 1444
1746 1892
1747 1894
1748 1885
1749 1023
1750 1024
1751 1295
1752 1473
1753 1698
1754 1699
1755 1700
1756 1701
1757 1702
1758 1703
1759 1704
1760 1705
1761 1025
1762 1026
1763 1887
1764 1870
1765 1871
1766 1884
1767 1717
1768 2047
1769 2048
1770 2049
1771 1427
1772 1428
1773 1631
1774 1632
1775 1633
1776 2050
1777 2051
1778 2052
1779 2053
1780 1448
1781 1393
1782 0
1783 0
1784 1150
1785 1246
1786 1860
1787 1861
1788 1862
1789 1865
1790 1399
1791 1475
1792 1476
1793 1400
1794 1543
1795 1544
1796 1545
1797 1546
1798 1547
1799 1548
1800 1148
1801 1149
1802 1435
1803 1434
1804 1436
1805 1438
1806 1025
1807 1026
1808 1444
1809 1892
1810 1894
1811 17
1812 18
1813 1338
1814 20
1815 21
1816 42
1817 43
1818 1154
1819 1155
1820 1156
1821 1341
1822 1565
1823 1339
1824 1340
1825 1384
1826 1342
1827 1443
1828 1442
1829 1563
1830 1564
1831 1566
1832 1567
1833 1568
1834 1569
1835 1570
1836 1571
1837 1572
1838 1573
1839 1093
1840 1094
1841 1461
1842 1092
1843 1462
1844 1151
1845 1152
1846 1424
1847 1457
1848 1627
1849 1628
1850 1458
1851 1624
1852 1625
1853 1626
1854 1427
1855 1428
1856 1631
1857 1632
1858 1633
1859 2050
1860 2051
1861 2052
1862 2053
1863 1455
1864 1456
1865 1642
1866 1643
1867 1685
1868 1885
1869 1023
1870 1024
1871 1295
1872 1473
1873 1698
1874 1699
1875 1700
1876 1701
1877 1702
1878 1703
1879 1704
1880 1705
1881 1887
1882 1718
1883 1719
1884 1870
1885 1871
1886 1884
1887 1717
1888 1159
1889 1160
1890 1161
1891 1162
1892 1328
1893 1329
1894 1330
1895 1450
1896 1403
1897 1404