0 1
1 3
2 3
3 3
4 3
5 3
6 3
7 3
8 3
9 3
10 3
11 3
12 3
13 3
14 3
15 1
16 1
17 3
18 3
19 3
20 3
21 3
22 3
23 3
24 3
25 3
26 3
27 3
28 3
29 3
30 3
31 3
32 3
33 3
34 3
35 3
36 3
37 3
38 3
39 3
40 3
41 3
42 3
43 3
44 3
45 3
46 3
47 3
48 3
49 3
50 1
51 3
52 3
53 3
54 3
55 3
56 3
57 3
58 3
59 3
60 3
61 3
62 1
63 1
64 1
65 1
66 1
67 1
68 1
69 2
70 2
71 1
72 1
73 1
74 3
75 3
76 3
77 1
78 2
79 1
80 3
81 1
82 1
83 1
84 2
85 3
86 3
87 1
88 3
89 1
90 1
91 2
92 3
93 2
94 1
95 3
96 1
97 1
98 1
99 2
100 1
101 3
102 1
103 1
104 1
105 1
106 1
107 1
108 1
109 3
110 1
111 1
112 3
113 2
114 1
115 3
116 1
117 1
118 1
119 1
120 1
121 1
122 1
123 3
124 1
125 1
126 2
127 2
128 1
129 1
130 2
131 2
132 1
133 1
134 3
135 1
136 1
137 1
138 1
139 1
140 1
141 1
142 1
143 1
144 3
145 3
146 3
147 3
148 3
149 3
150 3
151 3
152 3
153 3
154 1
155 3
156 1
157 3
158 1
159 1
160 1
161 3
162 1
163 1
164 2
165 1
166 1
167 1
168 2
169 1
170 1
171 1
172 3
173 1
174 3
175 3
176 3
177 3
178 3
179 3
180 3
181 3
182 3
183 3
184 3
185 3
186 3
187 3
188 1
189 1
190 1
191 1
192 3
193 3
194 1
195 1
196 1
197 1
198 1
199 1
200 1
201 1
202 2
203 1
204 1
205 1
207 1
208 1
209 1
210 1
211 1
212 3
213 2
214 3
215 1
216 1
217 1
218 1
219 1
220 3
221 1
222 1
223 1
224 1
225 3
226 3
227 3
228 3
229 1
230 1
231 1
232 3
233 3
234 3
235 1
236 1
237 1
238 1
239 1
240 1
241 1
242 3
243 3
244 3
246 1
247 3
249 3
250 3
251 3
252 3
253 3
254 1
255 3
256 3
257 3
258 3
259 3
260 3
261 3
262 3
263 3
264 3
265 1
266 3
267 3
268 3
269 3
270 3
271 3
272 3
273 3
274 3
275 3
276 3
277 1
278 3
279 3
280 3
281 3
282 3
283 3
284 3
285 1
286 3
287 3
288 3
289 3
290 3
291 3
292 3
293 3
294 3
295 3
296 3
297 3
298 3
299 3
300 3
301 3
302 3
303 1
304 3
305 3
306 3
307 3
308 3
309 3
310 3
311 3
312 3
313 3
314 3
315 3
316 3
317 1
318 3
319 1
320 3
321 1
322 1
323 1
324 1
325 1
326 2
327 2
328 1
329 1
330 1
331 1
332 3
333 3
334 3
335 2
336 3
337 3
338 1
339 1
340 1
341 1
342 3
343 1
344 1
345 3
346 3
347 2
348 2
349 3
350 2
351 1
352 1
353 1
354 1
355 1
356 2
357 3
358 3
359 1
360 1
361 1
362 1
363 2
364 3
365 1
366 1
367 2
368 1
369 1
370 2
371 1
372 1
373 1
374 1
375 1
376 2
377 1
378 1
379 1
380 3
381 1
382 1
383 2
384 2
385 1
386 1
387 2
388 1
389 1
390 1
391 1
392 1
393 1
394 1
395 1
396 1
397 1
398 1
399 1
400 3
401 3
402 3
403 3
404 3
405 3
406 3
407 3
408 3
409 3
410 3
411 1
412 1
413 3
414 3
415 1
416 1
417 1
418 1
419 1
420 3
421 1
422 1
423 1
424 3
425 1
426 3
427 1
428 1
429 3
430 3
431 3
432 3
433 3
434 3
435 3
436 3
437 3
438 3
439 3
440 3
441 3
442 3
443 3
444 3
445 3
446 1
447 1
448 1
449 1
450 3
451 3
452 1
453 1
454 1
455 1
456 1
457 1
458 1
459 1
460 1
461 2
462 2
463 2
464 2
465 3
466 1
467 1
469 3
470 1
471 1
472 1
473 1
474 3
475 3
476 1
477 1
478 1
479 1
480 1
481 2
482 1
483 1
484 2
485 1
486 3
487 3
488 3
489 3
490 2
491 2
492 3
493 3
494 3
495 3
496 1
497 1
498 1
499 1
500 1
501 1
502 3
503 3
504 3
505 2
506 3
507 3
508 3
509 3
510 1
511 3
512 3
513 1
514 3
515 3
516 1
517 3
518 3
519 1
520 3
521 3
522 1
523 3
524 1
525 1
526 1
527 2
528 3
529 3
530 3
531 3
532 3
533 3
534 3
535 1
536 3
537 3
538 3
539 3
540 3
541 3
542 3
543 3
544 3
545 3
546 3
547 3
548 3
549 3
550 3
551 1
552 3
553 1
554 1
555 1
556 3
557 3
558 3
559 1
560 3
561 3
562 3
563 3
564 3
565 3
566 3
567 3
568 3
569 1
570 3
571 1
572 1
573 1
574 1
575 1
576 1
577 1
578 2
579 2
580 3
581 1
582 3
583 2
584 1
585 1
586 1
587 2
588 3
589 3
590 1
591 1
592 1
593 3
594 3
595 3
596 1
597 3
598 3
599 2
600 2
601 3
602 1
603 2
604 2
605 1
606 3
607 1
608 1
609 2
610 1
611 1
612 1
613 1
614 1
615 2
616 3
617 1
618 1
619 2
620 1
621 3
622 1
623 1
624 1
625 1
626 1
627 1
628 1
629 1
630 1
631 1
632 1
633 1
634 1
635 2
636 2
637 1
638 1
639 3
640 2
641 1
642 1
643 1
644 1
645 1
646 1
647 1
648 1
649 1
650 1
651 3
652 2
653 3
654 3
655 3
656 3
657 3
658 3
659 3
660 3
661 3
662 3
663 3
664 3
665 3
666 3
667 3
668 1
669 1
670 1
671 3
672 1
673 1
674 1
675 3
676 1
677 1
678 1
679 3
680 3
681 3
682 3
683 3
684 3
685 3
686 3
687 3
688 3
689 3
690 3
691 3
692 3
693 3
694 3
695 3
696 3
697 3
698 3
699 1
700 2
701 1
702 3
703 3
704 3
705 1
706 1
707 1
708 1
709 1
710 2
711 1
712 1
713 1
714 1
715 1
716 3
717 3
718 1
719 1
720 1
721 1
722 1
723 1
724 1
725 1
726 1
727 1
728 3
729 1
730 1
731 1
732 1
733 1
734 3
735 3
736 1
737 1
738 1
739 1
740 3
741 2
742 1
743 1
744 1
745 2
746 1
747 1
748 1
749 1
750 1
751 2
752 1
753 2
754 2
755 2
756 2
758 2
759 2
760 1
761 2
762 2
763 3
764 2
765 1
766 2
767 2
768 1
769 3
770 1
771 2
772 2
773 1
774 2
775 2
776 3
777 3
778 3
779 3
780 2
781 2
782 2
783 3
784 3
785 3
786 1
787 2
788 1
789 1
790 1
791 1
792 2
793 1
794 3
795 3
796 3
797 3
798 3
799 3
800 3
801 3
802 1
803 3
804 3
805 1
806 3
807 3
808 3
809 3
810 3
811 3
812 3
813 3
814 3
815 3
816 2
817 2
818 2
819 2
820 2
821 2
822 2
823 2
824 2
825 2
826 2
827 2
828 2
829 3
830 2
831 2
832 2
833 3
834 3
835 3
836 3
837 3
838 3
839 3
840 3
841 3
842 3
843 3
844 1
845 3
846 3
847 3
848 1
849 1
850 3
851 3
852 3
853 3
854 1
855 3
856 3
857 3
858 3
859 3
860 3
861 3
862 3
863 3
864 3
865 3
866 1
867 1
868 1
869 2
870 2
871 2
872 2
873 1
874 3
875 3
876 1
877 2
878 2
879 2
880 3
881 1
882 2
883 1
884 1
885 1
886 3
887 3
888 2
889 3
890 1
891 3
892 2
893 2
894 1
895 3
896 1
897 2
898 2
899 2
900 1
901 1
902 1
903 1
904 1
905 1
906 1
907 2
908 1
909 1
910 1
911 2
912 2
913 1
914 2
915 1
916 1
917 1
918 1
919 3
920 3
921 1
922 2
923 1
924 1
925 1
926 1
927 2
928 1
929 3
930 1
931 1
932 1
933 1
934 1
935 1
936 1
937 3
938 3
939 3
940 3
941 3
942 3
943 3
944 3
945 3
946 3
947 1
948 3
949 3
950 3
951 3
952 3
953 1
954 3
955 3
956 3
957 3
958 3
959 3
960 3
961 3
962 3
963 3
964 3
965 3
966 3
967 3
968 3
969 3
970 3
971 3
972 2
973 1
974 3
975 1
976 3
977 1
978 3
979 3
980 1
981 2
982 1
983 1
984 1
985 1
986 3
987 1
988 1
989 1
990 1
991 1
992 1
993 3
994 1
995 1
996 1
997 1
998 3
999 3
1000 1
1001 3
1002 3
1003 1
1004 3
1005 3
1006 3
1007 1
1008 1
1009 3
1010 1
1011 2
1012 3
1013 1
1014 3
1015 1
1016 2
1017 3
1018 1
1019 3
1020 2
1021 2
1022 3
1023 1
1024 1
1025 3
1026 3
1027 3
1028 3
1029 3
1030 3
1031 3
1032 1
1033 1
1034 1
1035 3
1036 3
1037 3
1038 3
1039 3
1040 3
1041 3
1042 2
1043 2
1044 2
1045 2
1046 2
1047 2
1048 2
1049 2
1050 2
1051 2
1052 2
1053 2
1054 2
1055 1
1056 1
1057 2
1058 2
1059 3
1060 3
1061 3
1062 1
1063 3
1064 3
1065 3
1066 3
1067 3
1068 3
1069 3
1070 1
1071 3
1072 3
1073 3
1074 3
1075 3
1076 3
1077 3
1078 3
1079 3
1080 1
1081 1
1082 1
1083 1
1084 3
1085 3
1086 3
1087 3
1088 3
1089 3
1090 3
1091 3
1092 1
1093 1
1094 1
1095 1
1096 1
1097 1
1098 3
1099 2
1100 1
1101 1
1102 3
1103 1
1104 1
1105 1
1106 1
1107 1
1108 1
1109 2
1110 1
1111 1
1112 2
1113 1
1114 1
1115 2
1116 3
1117 2
1118 2
1119 2
1120 2
1121 1
1122 1
1123 1
1124 3
1125 2
1126 2
1127 1
1128 1
1129 2
1130 2
1131 1
1132 1
1133 1
1134 1
1135 3
1136 3
1137 4
1138 2
1139 2
1140 2
1141 2
1142 2
1143 1
1144 1
1145 1
1146 3
1147 3
1148 3
1149 3
1150 3
1151 3
1152 3
1153 1
1154 3
1155 3
1156 3
1157 3
1158 3
1159 1
1160 3
1161 2
1162 1
1163 1
1164 1
1165 2
1166 1
1167 3
1168 2
1169 1
1170 1
1171 1
1172 3
1173 3
1174 3
1175 3
1176 3
1177 3
1178 3
1179 3
1180 3
1181 1
1182 3
1183 3
1184 3
1185 3
1186 3
1187 3
1188 3
1189 3
1190 3
1191 1
1192 1
1193 1
1194 1
1195 3
1196 1
1197 1
1198 1
1199 3
1200 3
1201 1
1202 3
1203 3
1204 3
1205 3
1206 2
1207 1
1208 1
1209 1
1210 1
1211 2
1212 1
1213 3
1214 3
1215 2
1216 3
1217 3
1218 3
1219 3
1220 1
1221 3
1222 3
1223 3
1224 3
1225 2
1226 3
1227 3
1228 3
1229 3
1230 3
1231 3
1232 3
1233 3
1234 3
1235 3
1236 2
1237 1
1238 1
1239 1
1240 1
1241 2
1242 2
1243 2
1244 1
1245 2
1246 1
1247 1
1248 1
1249 3
1250 1
1251 1
1252 1
1253 3
1254 3
1255 3
1256 3
1257 3
1258 3
1259 1
1260 3
1261 3
1262 1
1263 3
1264 3
1265 2
1266 2
1267 2
1268 1
1269 2
1270 1
1271 2
1272 3
1273 2
1274 2
1275 1
1276 1
1277 1
1278 2
1279 1
1280 2
1281 1
1282 2
1283 1
1284 1
1285 2
1286 2
1287 2
1288 1
1289 1
1290 1
1291 1
1292 1
1293 3
1294 2
1295 1
1296 1
1297 2
1298 2
1299 1
1300 1
1301 2
1302 2
1303 3
1304 1
1305 2
1306 2
1307 2
1308 1
1309 2
1310 2
1311 1
1312 3
1313 3
1314 3
1315 3
1316 1
1317 2
1318 1
1319 1
1320 1
1321 1
1322 1
1323 1
1324 2
1325 3
1326 1
1327 1
1328 3
1329 3
1330 3
1331 3
1332 3
1333 3
1334 3
1335 1
1336 3
1337 3
1338 3
1339 3
1340 3
1341 3
1342 3
1343 2
1344 2
1345 1
1346 1
1347 2
1348 2
1349 1
1350 1
1351 3
1352 1
1353 1
1354 1
1355 3
1356 3
1357 3
1358 3
1359 3
1360 3
1361 3
1362 3
1363 3
1364 3
1365 3
1366 3
1367 3
1368 3
1369 3
1370 3
1371 3
1372 3
1373 1
1374 1
1375 1
1376 1
1377 1
1378 3
1379 3
1380 1
1381 1
1382 1
1383 1
1384 1
1385 2
1386 1
1387 1
1388 1
1389 1
1390 1
1391 3
1392 3
1393 3
1394 1
1395 2
1396 1
1397 1
1398 3
1399 3
1400 3
1401 3
1402 3
1403 3
1404 3
1405 3
1406 3
1407 3
1408 3
1409 3
1410 3
1411 1
1412 1
1413 3
1414 1
1415 1
1416 1
1417 1
1418 1
1419 1
1420 1
1421 1
1422 1
1423 3
1424 1
1425 1
1426 3
1427 3
1428 3
1429 3
1430 3
1431 3
1432 3
1433 3
1434 3
1435 3
1436 2
1437 3
1438 1
1439 1
1440 2
1441 1
1442 1
1443 1
1444 2
1445 2
1446 2
1447 2
1448 1
1449 1
1450 2
1451 3
1452 2
1453 1
1454 1
1455 2
1456 2
1457 2
1458 2
1459 2
1460 2
1461 2
1462 1
1463 2
1464 2
1465 2
1466 1
1467 1
1468 2
1469 2
1470 3
1471 1
1472 1
1473 1
1474 1
1475 2
1476 3
1477 3
1478 1
1479 3
1480 2
1481 1
1482 1
1483 2
1484 2
1485 2
1486 2
1487 2
1488 2
1489 1
1490 2
1491 1
1492 1
1493 1
1494 1
1495 1
1496 2
1497 3
1498 1
1499 1
1500 3
1501 3
1502 3
1503 3
1504 1
1505 2
1506 2
1507 1
1508 1
1509 2
1510 2
1511 1
1512 3
1513 3
1514 1
1515 3
1516 1
1517 1
1518 3
1519 3
1520 3
1521 3
1522 3
1523 3
1524 3
1525 3
1526 3
1527 3
1528 3
1529 3
1530 3
1531 3
1532 3
1533 3
1534 3
1535 3
1536 1
1537 2
1538 1
1539 1
1540 1
1541 1
1542 1
1543 3
1544 1
1545 3
1546 3
1547 2
1548 1
1549 1
1550 1
1551 1
1552 1
1553 3
1554 3
1555 1
1556 1
1557 3
1558 3
1559 3
1560 3
1561 3
1562 3
1563 3
1564 3
1565 3
1566 3
1567 3
1568 1
1569 3
1570 3
1571 3
1572 3
1573 1
1574 1
1575 1
1576 3
1577 3
1578 3
1579 3
1580 3
1581 3
1582 3
1583 3
1584 1
1585 2
1586 2
1587 1
1588 3
1589 1
1590 2
1591 1
1592 3
1593 1
1594 1
1595 1
1596 1
1597 1
1598 1
1599 1
1600 1
1601 3
1602 3
1603 1
1604 1
1605 2
1606 2
1607 1
1608 2
1609 2
1610 2
1611 3
1612 3
1613 3
1614 1
1615 3
1616 3
1617 3
1618 2
1619 2
1620 1
1621 1
1622 2
1623 2
1624 1
1625 1
1626 1
1627 2
1628 2
1629 1
1630 3
1631 3
1632 3
1633 3
1634 3
1635 3
1636 3
1637 3
1638 3
1639 3
1640 3
1641 3
1642 3
1643 3
1644 3
1645 3
1646 3
1647 3
1648 3
1649 3
1650 3
1651 1
1652 1
1653 1
1654 1
1655 1
1656 1
1657 1
1658 1
1659 1
1660 3
1661 3
1662 1
1663 1
1664 1
1665 1
1666 3
1667 4
1668 3
1669 1
1670 1
1671 1
1672 3
1673 3
1674 1
1675 1
1676 1
1677 3
1678 3
1679 3
1680 3
1681 3
1682 3
1683 3
1684 3
1685 3
1686 1
1687 3
1688 1
1689 1
1690 3
1691 3
1692 2
1693 2
1694 3
1695 2
1696 1
1697 3
1698 3
1699 3
1700 3
1701 3
1702 3
1703 3
1704 3
1705 1
1706 2
1707 2
1708 2
1709 2
1710 1
1711 2
1712 1
1713 3
1714 3
1715 3
1716 3
1717 3
1718 3
1719 3
1720 3
1721 3
1722 3
1723 3
1724 2
1725 2
1726 2
1727 1
1728 1
1729 1
1730 2
1731 1
1732 1
1733 3
1734 3
1735 3
1736 3
1737 2
1738 2
1739 2
1740 1
1741 2
1742 2
1743 1
1744 1
1745 3
1746 1
1747 1
1748 3
1749 3
1750 3
1751 3
1752 3
1753 3
1754 3
1755 3
1756 3
1757 3
1758 3
1759 3
1760 3
1761 3
1762 3
1763 3
1764 3
1765 3
1766 3
1767 1
1768 3
1769 3
1770 3
1771 3
1772 2
1773 3
1774 2
1775 1
1776 1
1777 1
1778 1
1779 1
1780 3
1781 3
1782 3
1783 3
1784 1
1785 3
1786 3
1787 3
1788 3
1789 3
1790 3
1791 2
1792 1
1793 1
1794 2
1795 2
1796 2
1797 2
1798 2
1799 2
1800 3
1801 3
1802 3
1803 3
1804 3
1805 3
1806 3
1807 3
1808 1
1809 1
1810 3
1811 1
1812 2
1813 2
1814 2
1815 2
1816 3
1817 2
1818 2
1819 3
1820 3
1821 3
1822 3
1823 3
1824 3
1825 1
1826 3
1827 3
1828 1
1829 1
1830 1
1831 3
1832 2
1833 2
1834 1
1835 1
1836 2
1837 2
1838 1
1839 3
1840 3
1841 3
1842 3
1843 3
1844 3
1845 3
1846 3
1847 1
1848 3
1849 3
1850 3
1851 3
1852 3
1853 3
1854 3
1855 4
1856 3
1857 1
1858 1
1859 2
1860 2
1861 1
1862 1
1863 3
1864 3
1865 3
1866 3
1867 3
1868 3
1869 1
1870 3
1871 3
1872 3
1873 3
1874 3
1875 3
1876 3
1877 3
1878 3
1879 3
1880 3
1881 3
1882 3
1883 3
1884 3
1885 3
1886 3
1887 3
1888 1
1889 3
1890 1
1891 1
1892 2
1893 2
1894 3
1895 1
1896 1
1897 3
