1393 1
1399 3
1475 3
3181 3
3182 3
1433 3
1476 3
3185 3
3186 3
3187 3
1543 3
1548 3
2276 3
2275 3
3189 3
1546 1
2273 1
2272 3
1545 3
2274 3
2271 3
2273 3
3183 3
3184 3
3193 3
3191 3
1547 3
3188 3
1544 3
2651 3
1461 3
2653 3
2654 3
1392 3
2673 3
1152 3
2198 3
2671 3
2672 3
2168 3
2676 3
1151 3
1462 3
2685 3
2686 3
2687 3
2688 3
2689 3
2696 3
2199 3
2731 1
2732 3
2733 3
2734 3
2736 3
2737 3
2738 3
2739 3
1393 3
1394 3
2162 3
2712 3
2164 1
2713 1
2714 1
1342 1
1443 1
3465 1
3466 1
2297 2
2319 2
2286 1
2331 1
2332 1
1154 3
23 3
21 3
3464 1
1572 2
1573 1
2295 3
1564 1
2287 1
1566 1
2293 2
2337 3
2338 3
42 1
2294 3
3463 1
3458 1
1571 2
1155 3
3471 2
2289 1
2331 3
2291 1
2326 1
1569 1
2298 2
1567 1
1568 3
2285 1
1343 1
1384 1
3459 1
2337 1
1339 1
2334 1
43 3
2332 1
1573 1
1563 3
2284 2
2288 1
1156 3
1341 1
1565 1
17 1
18 1
1338 1
2333 1
2334 1
2335 3
2336 1
3468 1
2333 2
2333 2
2293 1
2299 1
2335 2
2296 2
2292 1
2336 1
3473 3
1442 1
1448 1
2352 1
3383 1
3381 1
1444 1
2783 1
1894 1
1892 1
2423 3
2424 3
2425 3
2422 3
1642 3
1643 3
1455 3
1456 3
2426 3
2427 3
1685 1
2444 3
2442 1
2443 3
2445 1
1453 1
1159 1
1163 3
1161 1
1162 1
1328 2
1329 1
1333 1
3325 1
3326 2
3327 1
3328 1
3329 1
3323 3
1885 1
1323 3
1324 3
1295 3
1473 3
1698 3
1699 3
1733 3
1731 3
1732 3
1733 3
1734 3
1735 3
1325 3
1326 3
1718 1
1871 1
2624 1
2625 1
1884 3
1873 3
2947 1
1717 1
2948 1
2949 1
3383 1
3384 1
3383 1
1632 1
1428 2
3369 1
3373 1
3371 1
3376 1
3381 1
3382 1
3377 1
3378 1
1631 3
3379 2
3367 3
3368 1
3372 1
1633 1
3353 1
3354 1
3355 3
3356 1
3353 1
3351 1
3352 1
3359 3
3363 3
3361 3
3362 3
3357 1
3358 1
3363 1
3364 3
3365 3
1427 3
3366 1
3373 1
3374 1
2353 1
2351 1
2352 1
2353 1
1433 3
1434 3
1726 3
1153 1
1246 3
1434 3
1983 3
1149 3
1436 3
1863 3
2382 1
1148 3
3235 3
3234 3
1862 3
2372 3
1399 3
1475 3
3181 3
3182 3
1433 3
1476 1
3185 3
3186 3
3187 3
1543 3
1548 3
2276 3
2275 3
3189 3
1546 3
2273 3
2272 3
1545 1
2274 3
2271 3
2273 3
3183 3
3184 3
3193 3
3191 3
1547 1
3188 3
1544 3
2651 3
1461 3
2653 3
2654 3
1392 3
2673 3
1152 3
2198 3
2671 3
2672 3
2168 3
2676 3
1151 3
1462 3
2685 3
2686 1
2687 3
2688 3
2689 3
2199 3
2731 3
2732 3
2733 3
2734 3
2736 3
2737 3
2738 3
2739 3
1394 3
2162 1
2712 3
2164 1
2713 3
2714 1
1342 1
1443 1
3465 1
3466 1
2297 2
2319 2
2286 1
2331 1
2332 1
1154 1
23 3
21 3
3464 3
1572 2
1573 3
2295 3
1564 1
2287 1
1566 1
2293 1
2337 3
2338 1
42 1
2294 3
3463 3
3458 2
1571 2
1155 3
3471 2
2289 1
2331 1
2291 1
2326 1
1569 1
2298 2
1567 3
1568 3
2285 1
1343 1
1384 1
3459 1
2337 2
1339 3
2334 1
43 1
2332 2
1573 1
1563 1
2284 2
2288 1
1156 1
1341 1
1565 1
17 1
18 2
1338 1
2333 1
2334 1
2335 3
2336 1
3468 1
2333 2
2333 2
2293 1
2299 1
2335 2
2296 1
2292 1
2336 1
3473 1
1442 1
1448 1
2352 1
3383 1
3381 1
1444 1
2783 1
1894 1
1892 3
2423 3
2424 3
2425 3
2422 3
1642 3
1643 3
1455 3
1456 3
2426 3
2427 3
1685 1
2442 1
2443 3
2444 3
2445 1
1453 1
1159 1
1163 1
1161 1
1162 3
1328 1
1329 1
1333 1
3325 3
3326 1
3327 3
3328 1
3329 1
3323 3
1323 3
1324 3
1295 3
1473 3
1698 3
1699 3
1733 3
1731 3
1732 3
1733 3
1734 3
1735 3
1325 3
1326 3
1884 3
1887 3
1718 1
1871 1
2624 1
2625 1
1873 3
2947 3
1717 1
2948 1
1719 1
2949 1
3335 1
3383 1
3384 1
3383 1
1632 1
1428 2
3369 2
3373 2
3371 2
3372 3
3373 1
3374 1
3376 3
3381 1
3382 1
3377 1
3378 1
1631 3
3379 3
3367 1
3368 1
1633 1
3353 1
3354 1
3355 2
3356 1
3353 1
3351 2
3352 1
3359 3
3363 3
3361 3
3362 3
3357 2
3358 2
3363 3
3364 3
3365 3
1427 3
3366 1
2353 1
2351 1
2352 1
2353 1
1433 1
1434 3
1726 3
1393 3
1153 2
1865 3
1434 3
1983 3
1149 3
1399 1
1475 3
3181 3
3182 1
1433 3
1476 3
3185 1
3186 3
3187 3
1543 1
1548 3
2276 3
2275 1
3189 3
1546 1
2273 1
2272 1
1545 2
2274 3
2271 3
2273 3
3183 3
3184 3
3193 3
3191 3
1547 1
3188 3
1544 3
2651 3
1461 3
2653 3
2654 3
1392 3
2673 3
1152 3
2198 3
2671 3
2672 3
2168 3
2676 3
1151 3
1462 1
2685 3
2686 1
2687 1
2688 1
2689 3
2696 3
2199 3
2731 1
2732 3
2733 3
2734 3
2736 3
2737 3
2738 3
2739 3
1393 3
1394 3
2162 1
2712 3
2164 1
2713 1
2714 1
1342 1
1443 1
3465 1
3466 1
2297 2
2319 2
2286 3
2331 1
2332 3
1154 2
23 1
21 1
3464 1
1572 2
1573 3
2295 3
1564 1
2287 1
1566 1
2293 3
2337 3
2338 3
42 1
2294 3
3463 3
3458 2
1571 2
1155 3
3471 1
2289 2
2331 2
2291 1
2326 3
1569 1
2298 1
1567 2
1568 1
2285 1
1343 1
1384 1
3459 1
2337 2
1339 3
2334 1
43 1
2332 2
1573 1
1563 3
2284 1
2288 1
1156 1
1341 1
1565 1
17 1
18 1
1338 1
2333 1
2334 1
2335 1
2336 1
3468 1
2333 2
2333 2
2293 1
2299 1
2335 3
2296 2
2292 1
2336 1
3473 1
1442 1
1448 1
2352 1
3383 1
3381 1
1444 1
2783 1
1894 3
1892 2
2423 3
2424 3
2425 3
2422 3
1642 3
1643 3
1455 3
1456 3
2426 3
2427 3
1685 3
2444 3
2442 3
2443 3
2445 3
1453 1
1159 1
1163 1
1161 3
1162 1
1328 1
1329 1
1333 3
3325 1
3326 1
3327 1
3328 3
3329 3
3323 3
1885 3
1323 3
1324 3
1295 3
1473 3
1698 3
1699 3
1733 3
1731 3
1732 3
1733 3
1734 3
1735 3
1325 3
1326 3
1887 3
1718 3
1871 1
2624 2
2625 1
1884 3
1873 3
2947 3
1717 1
2948 1
2949 1
3335 1
2869 1
2838 2
2868 1
1424 1
1457 1
1627 1
1628 1
2861 3
2862 3
2864 1
2874 1
1458 1
1624 1
2863 1
2873 1
2865 1
2866 1
1925 1
2877 1
1926 3
2878 1
2867 1
2852 1
2857 1
2879 1
1625 3
1626 3
2858 1
2859 1
2863 1
2883 1
1927 3
2853 2
2854 1
2856 1
2873 1
2871 2
2872 1
2855 1
2876 1
3383 1
3384 1
3383 2
1632 1
1428 2
3369 2
3373 2
3371 2
3376 2
3381 2
3382 1
3377 2
3378 2
1631 3
3379 2
3367 1
3368 2
3372 2
1633 1
3353 3
3354 1
3355 2
3356 2
3353 1
3351 2
3352 2
3359 3
3363 3
3361 3
3362 3
3357 2
3358 2
3363 2
3364 3
3365 3
1427 3
3366 1
3373 2
3374 1
2353 1
2351 1
2352 1
2353 2
1433 1
1434 3
1726 3
1393 3
2459 3
2463 3
2461 3
2462 3
2463 3
2464 1
2465 3
2466 3
1153 1
1246 3
1863 3
1861 3
1862 3
1865 3
1148 3
1435 3
1149 3
1438 3
2382 3
1399 2
1475 2
1433 2
1476 2
1543 2
1548 2
2276 2
2275 2
1546 2
2273 2
2272 2
1545 2
2274 2
2271 3
2273 2
1547 2
1544 2
2651 3
1461 3
2653 3
2654 3
1392 3
2673 3
1152 3
2198 3
2671 3
2672 3
2168 3
2676 1
1151 3
1462 3
2685 3
2686 1
2687 1
2688 3
2689 3
2696 3
2199 3
2731 1
2732 3
2733 3
2734 3
2736 3
2737 3
2738 3
2739 3
1393 3
1394 3
2162 3
2712 3
2164 1
2713 1
2714 1
1342 2
1443 2
2297 2
2319 2
2286 1
2331 3
2332 3
1154 1
23 2
21 2
1572 2
1573 3
2295 1
1564 2
2287 1
1566 1
2293 1
2337 3
2338 3
42 2
2294 3
1571 1
1155 3
2289 2
2331 2
2291 1
2326 3
1569 1
2298 2
1567 2
1568 2
2285 1
1343 1
1384 1
2337 1
1339 1
2334 1
43 1
2332 2
1573 1
1563 1
2284 1
2288 2
1156 2
1341 1
1565 2
17 1
18 1
1338 1
2333 1
2334 3
2335 3
2336 1
2333 2
2333 1
2293 1
2299 1
2335 1
2296 2
2292 1
2336 3
1442 1
1448 1
2352 1
1444 1
2783 1
1894 1
1892 1
2423 3
2424 3
2425 3
2422 3
1642 3
1643 3
1455 3
1456 3
2426 3
2427 3
1685 1
2444 3
2442 3
2443 3
2445 3
1453 3
1159 1
1885 3
1323 3
1324 3
1295 3
1473 3
1698 3
1699 3
1733 3
1731 3
1732 3
1733 3
1734 3
1735 3
1325 3
1326 3
1887 3
1718 3
1719 3
1871 2
2624 1
1884 3
2625 1
1873 3
2948 1
2947 3
2869 3
2875 1
2868 2
1424 1
1457 1
1627 1
1628 1
2861 3
2862 1
2864 1
2874 1
1458 1
1624 1
2863 1
2873 3
1925 1
2877 1
1926 1
2878 1
2867 3
2852 3
2879 1
1625 3
1626 3
2858 1
2859 3
2863 3
2883 3
1927 1
2853 1
2854 3
2856 1
2873 2
2872 3
2855 1
2876 3
1632 1
1428 2
1631 3
1633 1
1427 3
2353 2
2351 2
2352 3
2353 1
1433 1
1434 3
1726 3
2459 3
2463 3
2461 3
2462 3
2463 3
2464 1
2465 1
2466 1
1863 3
1861 3
1862 3
1865 3
1148 3
1434 3
1438 3
1399 2
1475 2
1433 2
1476 2
1543 2
1548 2
2276 2
2275 2
1546 2
2273 2
2272 2
1545 2
2274 2
2271 1
2273 1
1547 2
1544 2
2651 3
1461 3
2653 3
2654 1
1392 3
2673 3
1152 3
2198 3
2671 3
2672 3
2168 3
2676 1
1151 3
1462 3
2685 3
2686 3
2687 3
2688 3
2689 3
2696 3
2199 3
2731 1
2732 1
2733 1
2734 1
2736 3
2737 3
2738 3
2739 3
1393 3
1394 3
2162 3
2712 3
2164 1
2713 1
2714 1
17 1
18 1
23 1
21 3
42 2
43 1
1154 1
1155 3
1156 1
1237 1
1238 1
1338 1
1339 1
1343 1
1341 2
1342 1
1384 1
1442 2
1443 1
1563 1
1564 2
1565 3
1566 2
1567 2
1568 2
1569 2
1573 1
1571 1
1572 1
1573 3
2284 2
2285 2
2286 1
2287 1
2288 2
2289 2
2293 1
2291 1
2292 1
2293 1
2294 3
2295 3
2296 4
2297 2
2298 2
2299 2
2333 2
2331 2
2332 1
1448 1
2352 1
1444 3
1456 3
1642 3
1643 3
2422 3
2423 3
2424 3
2425 1
2426 3
2427 3
2442 3
2443 3
2444 3
2445 1
1159 3
1163 2
1161 1
1162 1
1328 1
1329 2
1333 1
1453 3
3326 2
3327 1
3328 1
3329 1
1325 3
1326 3
1885 3
1887 3
1323 3
1324 3
1295 3
1473 3
1718 3
1719 1
1733 3
1884 3
1698 3
1699 3
1733 3
1731 3
1732 3
1734 3
1735 3
1717 1
2624 1
2625 1
1871 1
1424 3
1457 1
1458 1
1624 1
1625 3
1626 3
1627 1
1628 3
1427 3
1428 3
1631 3
1632 2
1633 1
2353 1
2351 1
2352 1
2353 2
1433 1
1434 3
1726 3
1153 2
1246 3
2459 3
2463 3
2461 3
2462 1
2463 3
2464 3
2465 3
2466 3
1393 2
1863 3
1861 3
1862 3
1865 3
1148 3
1434 3
1436 3
1438 3
2372 3
2382 3
1399 2
1433 1
1475 1
1476 1
1543 1
1544 2
1545 2
1546 2
1547 1
1548 2
2273 1
2271 1
2272 1
2273 3
2274 1
2275 1
2276 1
1392 3
1393 3
1394 3
1461 3
1462 3
2162 3
2164 1
2168 3
2198 3
2199 1
1151 3
1152 3
17 2
18 2
23 2
21 1
42 2
43 1
1154 2
1155 3
1156 2
1338 2
1339 1
1343 1
1341 1
1342 2
1384 1
1442 2
1443 1
1563 2
1564 1
1565 1
1566 2
1567 2
1568 2
1569 1
1573 1
1571 1
1572 1
1573 1
2284 3
2285 2
2286 1
2287 1
2288 2
2289 2
2293 1
2291 1
2292 2
2293 2
2294 3
2295 1
2296 2
2297 2
2298 2
2299 1
2333 2
2331 2
2332 1
2333 3
2334 3
2335 3
2336 3
2337 1
2319 2
2326 1
2331 1
2332 1
2333 1
2334 1
2335 1
2336 2
2337 3
2338 1
1448 1
1455 3
1456 3
1642 3
1643 3
2422 3
2423 3
2424 3
2425 1
2426 3
2427 3
2442 3
2443 3
2444 3
2445 3
1685 3
1159 2
1163 2
1161 1
1162 1
1328 2
1329 2
1333 1
1453 1
1444 3
1892 1
1894 1
2352 1
1323 3
1324 3
1325 3
1326 3
1295 3
1473 3
1698 3
1699 3
1733 3
1731 3
1732 3
1733 3
1734 3
1735 3
1884 3
1885 3
1887 3
1873 3
1717 1
1424 1
1457 1
1458 1
1624 1
1625 3
1626 3
1627 1
1628 1
1925 1
1926 1
1427 1
1428 2
2353 1
2351 1
2352 1
2353 1
1433 1
1434 3
1726 3
1631 3
1633 1
1632 2
1393 1
1153 1
1246 3
1863 3
1861 3
1862 3
1865 3
1148 3
1149 3
1435 3
1434 3
1438 3
1436 3
2372 3
2382 3
1399 1
1475 1
1476 3
1433 1
1543 1
1544 1
1545 1
2273 1
1546 1
1547 1
1548 1
2271 1
2272 3
2274 1
2275 1
2276 3
1393 3
1394 3
2162 3
1461 3
1392 3
1462 3
1151 3
1152 3
2198 3
2164 2
2168 3
2199 1
17 1
18 2
1338 1
2335 1
2334 1
2333 2
2336 2
23 2
21 2
42 1
43 1
1154 2
1155 3
1156 2
1341 1
1565 1
1339 2
1343 2
1384 2
1342 2
1443 2
1442 2
1563 2
1564 1
1566 2
1567 2
1568 2
1569 1
1573 1
1571 2
1572 2
1573 3
2284 1
2285 1
2286 1
2287 1
2288 2
2289 3
2293 3
2291 1
2292 3
2293 2
2294 1
2295 1
2296 2
2297 2
2298 2
2299 2
2333 2
2331 2
2332 1
2333 2
2334 1
2335 1
2336 1
2337 1
2326 1
2331 2
2337 3
2338 1
1448 1
1455 3
1456 3
1642 3
1643 3
1685 1
1159 2
1163 2
1161 1
1162 1
1328 2
1329 2
1333 1
1453 3
1444 3
1894 1
1892 3
2352 1
1871 1
1884 3
1873 3
1323 3
1324 3
1325 3
1326 3
1295 3
1473 3
1698 3
1699 3
1733 3
1731 3
1732 3
1733 3
1734 3
1735 3
1885 3
1887 3
1717 1
1424 2
1457 1
1627 1
1628 1
1458 1
1624 1
1925 3
1926 1
1625 3
1626 3
1428 2
2353 1
2351 1
2352 1
2353 1
1433 1
1434 3
1726 3
1393 1
1153 1
1246 3
1863 3
1861 3
1862 3
1865 3
1148 3
1149 3
1435 3
1434 3
1438 3
1399 3
1475 1
1476 3
1433 3
1543 3
1544 3
1545 1
1546 1
1547 1
1548 3
1393 3
1394 3
1461 3
1392 3
1462 3
1151 3
1152 3
17 1
18 2
1338 2
23 1
21 3
42 1
43 2
1154 1
1155 3
1156 1
1341 1
1565 1
1339 1
1343 1
1384 1
1342 1
1443 1
1442 3
1563 3
1564 1
1566 1
1567 2
1568 2
1569 1
1573 2
1571 2
1572 2
1573 3
1448 3
1455 3
1456 1
1642 3
1643 3
1685 3
1159 2
1163 2
1161 1
1162 1
1328 2
1329 2
1333 1
1453 1
1444 1
1894 2
1892 2
1871 1
1884 3
1873 3
1323 3
1324 3
1325 3
1326 3
1295 3
1473 3
1698 3
1699 3
1733 3
1731 3
1732 3
1733 3
1734 3
1735 3
1885 3
1887 3
2347 3
2348 3
2349 3
1717 1
2353 1
2351 1
2352 1
2353 1
1424 1
1457 1
1458 1
1624 1
1625 3
1626 3
1627 1
1628 1
1925 1
1926 1
1427 3
1428 4
1631 3
1632 1
1633 1
1433 1
1434 3
1726 3
1927 1
1393 1
1153 1
1246 3
1863 3
1861 3
1862 3
1865 3
1148 3
1149 3
1435 3
1434 3
1436 1
1438 3
1399 1
1475 1
1476 3
1433 3
1543 2
1544 2
1545 3
1546 2
1547 1
1548 3
1393 3
1394 3
1461 3
1392 3
1462 3
1151 3
1152 3
17 1
18 2
1338 2
23 2
21 2
42 1
43 2
1154 1
1155 3
1156 3
1341 3
1565 3
1339 3
1343 3
1384 3
1342 3
1443 3
1442 3
1563 3
1564 2
1566 2
1567 2
1568 1
1569 1
1573 1
1571 2
1572 1
1573 1
1448 3
1642 3
1643 3
1685 3
1159 2
1163 2
1161 2
1162 1
1328 2
1329 2
1333 1
1453 1
1444 3
1892 1
1894 1
1885 3
1323 3
1324 3
1295 3
1473 3
1698 3
1699 3
1733 3
1731 3
1732 3
1733 3
1734 3
1735 3
1325 3
1326 3
1887 3
1873 3
1871 3
1884 3
1717 1
2347 3
2348 3
2349 3
1427 3
1428 2
1631 3
1632 2
1633 1
2353 1
2351 1
2352 1
2353 1
1448 3
1393 3
3 3
3 3
1153 1
1246 3
1863 3
1861 3
1862 3
1865 3
1399 3
1475 2
1476 1
1433 1
1543 2
1544 2
1545 2
1546 2
1547 2
1548 2
1148 3
1149 3
1435 3
1434 3
1436 3
1438 3
1325 3
1326 3
1444 1
1892 1
1894 3
17 1
18 2
1338 2
23 2
21 2
42 3
43 2
1154 2
1155 3
1156 3
1341 3
1565 3
1339 3
1343 3
1384 1
1342 3
1443 3
1442 1
1563 1
1564 1
1566 3
1567 2
1568 2
1569 1
1573 1
1571 2
1572 2
1573 1
1393 3
1394 3
1461 3
1392 3
1462 3
1151 3
1152 3
1424 3
1457 1
1627 3
1628 3
1458 3
1624 3
1625 3
1626 3
1427 3
1428 4
1631 3
1632 1
1633 1
2353 2
2351 2
2352 1
2353 1
1455 3
1456 3
1642 3
1643 3
1685 3
1885 3
1323 1
1324 3
1295 3
1473 3
1698 3
1699 3
1733 3
1731 3
1732 3
1733 3
1734 3
1735 3
1887 3
1718 3
1719 3
1873 3
1871 3
1884 3
1717 3
1159 1
1163 3
1161 1
1162 1
1328 2
1329 2
1333 3
1453 1
1433 1
1434 3
